0.0 0.564792176039 0.650366748166 0.610024449878 0.435207823961 0.537897310513 0.294621026895 0.468215158924 0.671149144254
0.564792176039 0.0 0.466992665037 0.337408312958 0.541564792176 0.477995110024 0.469437652812 0.317848410758 0.468215158924
0.650366748166 0.466992665037 0.0 0.30195599022 0.647921760391 0.622249388753 0.628361858191 0.561124694377 0.464547677262
0.610024449878 0.337408312958 0.30195599022 0.0 0.611246943765 0.567237163814 0.579462102689 0.471882640587 0.290953545232
0.435207823961 0.541564792176 0.647921760391 0.611246943765 0.0 0.545232273839 0.31662591687 0.464547677262 0.643031784841
0.537897310513 0.477995110024 0.622249388753 0.567237163814 0.545232273839 0.0 0.459657701711 0.290953545232 0.616136919315
0.294621026895 0.469437652812 0.628361858191 0.579462102689 0.31662591687 0.459657701711 0.0 0.315403422983 0.621026894866
0.468215158924 0.317848410758 0.561124694377 0.471882640587 0.464547677262 0.290953545232 0.315403422983 0.0 0.559902200489
0.671149144254 0.468215158924 0.464547677262 0.290953545232 0.643031784841 0.616136919315 0.621026894866 0.559902200489 0.0
